-19.642626 -43.233578 
-19.638120 -43.236594 
-19.637212 -43.235872 
-19.635718 -43.234075 
-19.637772 -43.225627 
-19.637772 -43.225627 
-19.636837 -43.228236 
-19.631502 -43.206318 
-19.652862 -43.215701 
-19.653660 -43.218386 
-19.651926 -43.234066 
-19.632249 -43.229144 
-19.628578 -43.226821 
-19.627044 -43.232840 
-19.622970 -43.232088 
-19.623672 -43.226149 
-19.613747 -43.222004 
-19.613747 -43.222004 
-19.611385 -43.220158 
-19.613718 -43.225284 
-19.633242 -43.213984 
-19.655420 -43.207922 
-19.652200 -43.206948 
-19.650480 -43.204695 
-19.656785 -43.236347 
-19.657619 -43.237370 
-19.640762 -43.221452 
-19.640707 -43.226143 
-19.622677 -43.218380 
-19.616949 -43.214322 
-19.634854 -43.203103 
-19.618875 -43.228446 
-19.647554 -43.232839 
-19.634454 -43.208363 
-19.653460 -43.231929 
-19.652024 -43.216975 
-19.621676 -43.230945 
-19.620902 -43.221377 
-19.638189 -43.236655 
-19.636866 -43.208516 
-19.621393 -43.223713 
-19.630011 -43.230385 
-19.621118 -43.231914 
-19.636359 -43.236407 
-19.625335 -43.233065 
-19.642015 -43.227891 
-19.616285 -43.225153 
-19.629402 -43.230009 
-19.630229 -43.222708 
-19.622598 -43.222212 
-19.617436 -43.205825 
-19.652995 -43.222709 
-19.642361 -43.233448 
-19.605030 -43.225523 
-19.630453 -43.229879 
-19.636087 -43.237812 
-19.646528 -43.225573 
-19.627429 -43.232561 
-19.659542 -43.239192 
-19.637037 -43.229902 
-19.658950 -43.224095 
-19.657293 -43.217145 
-19.643329 -43.241527 
-19.635783 -43.228506 
-19.627099 -43.223387 
-19.626070 -43.227461 
-19.611759 -43.225017 
-19.639071 -43.220857 
-19.642102 -43.203731 
-19.618938 -43.219001 
-19.607646 -43.222627 
-19.650247 -43.234615 
-19.651491 -43.224119 
-19.636418 -43.230518 
-19.642196 -43.206324 
-19.640649 -43.229946 
-19.651423 -43.218537 
-19.639992 -43.228035 
-19.634961 -43.218400 
-19.642785 -43.229603 
-19.607648 -43.228035 
-19.626190 -43.227306 
-19.624446 -43.224552 
-19.633944 -43.237470 
-19.621169 -43.238549 
-19.651806 -43.244910 
-19.610652 -43.220524 
-19.627699 -43.225487 
-19.634145 -43.217373 
-19.654014 -43.229858 
-19.621513 -43.231419 
-19.617359 -43.213043 
-19.622089 -43.238431 
-19.619334 -43.217615 
-19.641892 -43.223585 
-19.629104 -43.236946 
-19.663680 -43.229436 
-19.631144 -43.223412 
-19.654513 -43.231739 
-19.642457 -43.226105 
-19.650980 -43.231318 
-19.654419 -43.241874 
-19.651604 -43.205143 
-19.636992 -43.233235 
-19.635526 -43.236020 
-19.661699 -43.217409 
-19.621676 -43.231680 
-19.647281 -43.227046 
-19.651384 -43.230875 
-19.610218 -43.223146 
-19.617992 -43.224881 
-19.661136 -43.233964 
-19.624614 -43.234342 
-19.627077 -43.246098 
-19.633621 -43.238299 
-19.648249 -43.235367 
-19.613039 -43.239445 
-19.605389 -43.226236 
-19.618987 -43.228650 
-19.623884 -43.235452 
-19.635575 -43.234845 
-19.630987 -43.224830 
-19.662144 -43.217362 
-19.632493 -43.208808 
-19.615334 -43.210587 
-19.649911 -43.211797 
-19.622945 -43.214864 
-19.626488 -43.221778 
-19.628183 -43.225659 
-19.639837 -43.216753 
-19.617935 -43.226172 
-19.650406 -43.214299 
-19.649348 -43.241346 
-19.615095 -43.230225 
-19.640587 -43.233344 
-19.618462 -43.231487 
-19.617993 -43.227953 
-19.633166 -43.230633 
-19.662020 -43.224181 
-19.642281 -43.225057 
-19.632192 -43.223423 
-19.630629 -43.232048 
-19.648447 -43.213170 
-19.611924 -43.231162 
-19.643625 -43.217698 
-19.622348 -43.217200 
-19.637224 -43.217895 
-19.655805 -43.231020 
-19.617133 -43.233772 
-19.628139 -43.212159 
