-19.642626 -43.233578 1 00 02
-19.638120 -43.236594 1 01 02
-19.637212 -43.235872 1 02 01
-19.635718 -43.234075 1 03 00
-19.637772 -43.225627 1 04 00
-19.637772 -43.225627 1 05 02
-19.636837 -43.228236 1 06 01
-19.631502 -43.206318 1 07 01
-19.652862 -43.215701 1 08 00
-19.653660 -43.218386 1 09 01
-19.651926 -43.234066 1 10 02
-19.632249 -43.229144 1 11 00
-19.628578 -43.226821 1 12 02
-19.627044 -43.232840 1 13 01
-19.622970 -43.232088 1 14 01
-19.623672 -43.226149 1 15 00
-19.613747 -43.222004 1 16 00
-19.613747 -43.222004 1 17 02
-19.611385 -43.220158 1 18 02
-19.613718 -43.225284 1 19 02
-19.633242 -43.213984 1 20 01
-19.655420 -43.207922 1 21 01
-19.652200 -43.206948 1 22 00
-19.650480 -43.204695 1 23 00
-19.656785 -43.236347 1 24 00
-19.657619 -43.237370 1 25 01
-19.640762 -43.221452 1 26 02
-19.640707 -43.226143 1 27 01
-19.622677 -43.218380 1 28 00
-19.616949 -43.214322 1 29 02
-19.634854 -43.203103 1 30 00
-19.618875 -43.228446 1 31 01
-19.653460 -43.231929 1 32 00
-19.652024 -43.216975 1 33 00
-19.620902 -43.221377 1 34 02
-19.638189 -43.236655 1 35 01
-19.636866 -43.208516 1 36 00
-19.621393 -43.223713 1 37 01
-19.636359 -43.236407 1 38 01
-19.625335 -43.233065 1 39 02
-19.642015 -43.227891 1 40 02
-19.616285 -43.225153 1 41 02
-19.629402 -43.230009 1 42 01
-19.630229 -43.222708 1 43 00
-19.647554 -43.232839 2 00 00
-19.634454 -43.208363 2 01 00
-19.621676 -43.230945 2 02 00
-19.630011 -43.230385 3 00 00
-19.621118 -43.231914 3 01 00
-19.622598 -43.222212 3 02 00





