-19.635526 -43.236020 01 00 03
-19.637772 -43.225627 01 01 02
-19.643625 -43.217698 01 02 06
-19.637212 -43.235872 01 03 02
-19.620902 -43.221377 01 04 00
-19.611759 -43.225017 01 05 01
-19.640762 -43.221452 01 06 00
-19.642785 -43.229603 01 07 05
-19.654014 -43.229858 01 08 03
-19.613039 -43.239445 01 09 00
-19.618875 -43.228446 01 10 00
-19.642281 -43.225057 01 11 02
-19.633621 -43.238299 01 12 04
-19.621169 -43.238549 01 13 01
-19.633242 -43.213984 01 14 00
-19.611924 -43.231162 01 15 05
-19.610652 -43.220524 01 16 00
-19.651384 -43.230875 01 17 05
-19.621676 -43.230945 01 18 05
-19.654419 -43.241874 01 19 04
-19.663680 -43.229436 01 20 01
-19.630011 -43.230385 01 21 05
-19.636418 -43.230518 01 22 03
-19.648249 -43.235367 01 23 05
-19.626190 -43.227306 01 24 04
-19.618462 -43.231487 01 25 01
-19.615095 -43.230225 01 26 01
-19.650980 -43.231318 01 27 04
-19.650480 -43.204695 01 28 02
-19.637037 -43.229902 01 29 04
-19.638120 -43.236594 01 30 00
-19.648447 -43.213170 01 31 04
-19.661699 -43.217409 01 32 03
-19.629104 -43.236946 01 33 04
-19.636359 -43.236407 01 34 06
-19.630453 -43.229879 01 35 01
-19.642626 -43.233578 01 36 01
-19.613747 -43.222004 01 37 06
-19.655420 -43.207922 01 38 04
-19.627429 -43.232561 01 39 02
-19.624614 -43.234342 01 40 05
-19.639071 -43.220857 01 41 05
-19.623672 -43.226149 01 42 05
-19.650406 -43.214299 01 43 02
-19.622945 -43.214864 01 44 05
-19.643329 -43.241527 01 45 00
-19.636087 -43.237812 01 46 05
-19.642361 -43.233448 01 47 06
-19.636992 -43.233235 01 48 02
-19.625335 -43.233065 01 49 04
-19.610218 -43.223146 01 50 06
-19.632493 -43.208808 01 51 01
-19.642196 -43.206324 01 52 03
-19.617935 -43.226172 01 53 01
-19.637224 -43.217895 01 54 03
-19.637772 -43.225627 01 55 03
-19.617992 -43.224881 01 56 03
-19.618987 -43.228650 01 57 06
-19.636837 -43.228236 01 58 02
-19.630987 -43.224830 01 59 02
-19.605030 -43.225523 01 60 04
-19.651806 -43.244910 01 61 06
-19.651604 -43.205143 01 62 04
-19.657293 -43.217145 01 63 02
-19.627699 -43.225487 01 64 01
-19.617436 -43.205825 01 65 06
-19.650247 -43.234615 01 66 06
-19.652024 -43.216975 01 67 06
-19.621393 -43.223713 01 68 01
-19.662144 -43.217362 01 69 05
-19.628139 -43.212159 01 70 03
-19.657619 -43.237370 01 71 02
-19.622348 -43.217200 01 72 03
-19.607646 -43.222627 01 73 00
-19.631144 -43.223412 01 74 05
-19.621676 -43.231680 01 75 00
-19.653460 -43.231929 01 76 06
-19.647281 -43.227046 01 77 01
-19.622677 -43.218380 01 78 06
-19.622970 -43.232088 01 79 04
-19.627077 -43.246098 01 80 02
-19.616285 -43.225153 01 81 03
-19.621513 -43.231419 01 82 01
-19.652200 -43.206948 01 83 05
-19.627044 -43.232840 01 84 01
-19.619334 -43.217615 01 85 00
-19.632192 -43.223423 01 86 04
-19.638189 -43.236655 01 87 00
-19.633166 -43.230633 01 88 05
-19.635783 -43.228506 01 89 03
-19.622598 -43.222212 01 90 04
-19.640649 -43.229946 01 91 02
-19.618938 -43.219001 01 92 06
-19.617359 -43.213043 01 93 03
-19.642457 -43.226105 01 94 01
-19.649348 -43.241346 01 95 03
-19.647554 -43.232839 01 96 00
-19.634854 -43.203103 01 97 06
-19.641892 -43.223585 01 98 00
-19.613718 -43.225284 01 99 00
-19.635718 -43.234075 02 00 00
-19.651926 -43.234066 02 01 00
-19.611385 -43.220158 02 02 00
-19.658950 -43.224095 02 03 00
-19.627099 -43.223387 02 04 00
-19.607648 -43.228035 02 05 00
-19.605389 -43.226236 02 06 00
-19.626488 -43.221778 02 07 00
-19.628183 -43.225659 02 08 00
-19.655805 -43.231020 02 09 00
-19.615334 -43.210587 03 00 00
-19.621118 -43.231914 03 01 00
-19.633944 -43.237470 03 02 00
-19.662020 -43.224181 03 03 00
-19.624446 -43.224552 03 04 00
-19.639992 -43.228035 03 05 00
-19.617993 -43.227953 03 06 00
