-19.635526 -43.236020 01 00 01
-19.637772 -43.225627 01 01 01
-19.643625 -43.217698 01 02 03
-19.637212 -43.235872 01 03 02
-19.620902 -43.221377 01 04 03
-19.611759 -43.225017 01 05 01
-19.640762 -43.221452 01 06 02
-19.642785 -43.229603 01 07 04
-19.654014 -43.229858 01 08 01
-19.613039 -43.239445 01 09 00
-19.618875 -43.228446 01 10 01
-19.642281 -43.225057 01 11 03
-19.633621 -43.238299 01 12 03
-19.621169 -43.238549 01 13 03
-19.633242 -43.213984 01 14 02
-19.611924 -43.231162 01 15 01
-19.610652 -43.220524 01 16 04
-19.651384 -43.230875 01 17 04
-19.621676 -43.230945 01 18 00
-19.654419 -43.241874 01 19 03
-19.663680 -43.229436 01 20 00
-19.630011 -43.230385 01 21 04
-19.636418 -43.230518 01 22 03
-19.648249 -43.235367 01 23 02
-19.626190 -43.227306 01 24 01
-19.618462 -43.231487 01 25 00
-19.615095 -43.230225 01 26 03
-19.650980 -43.231318 01 27 04
-19.650480 -43.204695 01 28 00
-19.637037 -43.229902 01 29 00
-19.638120 -43.236594 01 30 01
-19.648447 -43.213170 01 31 03
-19.661699 -43.217409 01 32 03
-19.629104 -43.236946 01 33 01
-19.636359 -43.236407 01 34 02
-19.630453 -43.229879 01 35 02
-19.642626 -43.233578 01 36 02
-19.613747 -43.222004 01 37 02
-19.655420 -43.207922 01 38 02
-19.627429 -43.232561 01 39 04
-19.624614 -43.234342 01 40 00
-19.639071 -43.220857 01 41 01
-19.623672 -43.226149 01 42 03
-19.650406 -43.214299 01 43 03
-19.622945 -43.214864 01 44 02
-19.643329 -43.241527 01 45 02
-19.636087 -43.237812 01 46 04
-19.642361 -43.233448 01 47 03
-19.636992 -43.233235 01 48 04
-19.625335 -43.233065 01 49 01
-19.610218 -43.223146 01 50 01
-19.632493 -43.208808 01 51 02
-19.642196 -43.206324 01 52 01
-19.617935 -43.226172 01 53 01
-19.637224 -43.217895 01 54 02
-19.637772 -43.225627 01 55 02
-19.617992 -43.224881 01 56 01
-19.618987 -43.228650 01 57 00
-19.636837 -43.228236 01 58 03
-19.630987 -43.224830 01 59 03
-19.605030 -43.225523 01 60 01
-19.651806 -43.244910 01 61 00
-19.651604 -43.205143 01 62 04
-19.657293 -43.217145 01 63 03
-19.627699 -43.225487 01 64 03
-19.617436 -43.205825 01 65 04
-19.650247 -43.234615 01 66 04
-19.652024 -43.216975 01 67 01
-19.621393 -43.223713 01 68 00
-19.662144 -43.217362 01 69 02
-19.628139 -43.212159 01 70 02
-19.657619 -43.237370 01 71 01
-19.622348 -43.217200 01 72 00
-19.607646 -43.222627 01 73 03
-19.631144 -43.223412 01 74 04
-19.621676 -43.231680 01 75 04
-19.653460 -43.231929 01 76 03
-19.647281 -43.227046 01 77 03
-19.622677 -43.218380 01 78 04
-19.622970 -43.232088 01 79 00
-19.627077 -43.246098 01 80 00
-19.616285 -43.225153 01 81 00
-19.621513 -43.231419 01 82 02
-19.652200 -43.206948 01 83 04
-19.627044 -43.232840 01 84 04
-19.619334 -43.217615 01 85 04
-19.632192 -43.223423 01 86 00
-19.638189 -43.236655 01 87 01
-19.633166 -43.230633 01 88 00
-19.635783 -43.228506 01 89 02
-19.622598 -43.222212 01 90 04
-19.640649 -43.229946 01 91 00
-19.618938 -43.219001 01 92 04
-19.617359 -43.213043 01 93 00
-19.642457 -43.226105 01 94 02
-19.649348 -43.241346 01 95 00
-19.647554 -43.232839 01 96 02
-19.634854 -43.203103 01 97 00
-19.641892 -43.223585 01 98 01
-19.613718 -43.225284 01 99 04
-19.653660 -43.218386 02 00 00
-19.616949 -43.214322 02 01 00
-19.646528 -43.225573 02 02 00
-19.639992 -43.228035 02 03 00
-19.634961 -43.218400 02 04 00
-19.634145 -43.217373 02 05 00
-19.628183 -43.225659 02 06 00
-19.639837 -43.216753 02 07 00
-19.617993 -43.227953 02 08 00
-19.617133 -43.233772 02 09 00
-19.629402 -43.230009 03 00 00
-19.652862 -43.215701 03 01 00
-19.622089 -43.238431 03 02 00
-19.626070 -43.227461 03 03 00
-19.658950 -43.224095 03 04 00
